static double ROOTS_FOR_X0[] = {
0.5,
0.13069360623708471,
2.86930639376291528,
0.06037692468327989,
0.77682335593104605,
6.66279971938567405,
0.03481989730614715,
0.38156718508004405,
1.73730726945889761,
11.8463056481549111,
0.02266592663169863,
0.23127169214090556,
0.85734602411883608,
2.97353038120346067,
18.4151859759050990,
0.01593329495070804,
0.15647046776795464,
0.52658326320347937,
1.45549493835274166,
4.47729154890422456,
26.3682264868208917,
0.01181380845479022,
0.11337832545962978,
0.36143546199827142,
0.89527303800610058,
2.16718307449970339,
6.24592174688399731,
35.7049945446975072,
0.00910961293617975,
0.08613077878623435,
0.26546936423055723,
0.61752374342048372,
1.32902521206520555,
2.98910779776210757,
8.27832916501631658,
46.4253043257829152,
0.00723882685761766,
0.06774485628070622,
0.20415049332589748,
0.45633199434791132,
0.91729173690437343,
1.82439329925667723,
3.91978688925578357,
10.5739967231070128,
58.5290651806640202,
0.00589080681846613,
0.05472592487956225,
0.16232609261161096,
0.35315267858751927,
0.67944242243948439,
1.25739399889647980,
2.37971761888901092,
4.95846895018311600,
13.1326529261214167,
72.0162285805733335,
// nroots = 11
0.00488733612616512,
0.04515700876101939,
0.13240037096506916,
0.28253618374640330,
0.52746670115882438,
0.93166748944873070,
1.63612501282132771,
2.99411139750931175,
6.10473806652073600,
15.9541438022849492,
86.8867666306574631,
0.00412019184676903,
0.03791118129199890,
0.11018828563899001,
0.23179530831466224,
0.42345630230694602,
0.72421338523125791,
1.21133175221592430,
2.05253340080824551,
3.66706307331851234,
7.35834812348164737,
19.0383766276142184,
103.140662367930827,
0.00352055479193454,
0.03228901170211435,
0.09321497102456649,
0.19395959218782608,
0.34863942062035819,
0.58246762196717317,
0.94178878042410221,
1.51746580977363927,
2.50605126083401295,
4.39825956545004263,
8.71914561205178579,
22.3852928048674447,
120.777904994304999,
0.00304295968666365,
0.02783695831749468,
0.07993405012307971,
0.16491083995350634,
0.29275174955113165,
0.48056334796006992,
0.75805833071173866,
1.17923494295630961,
1.84947385268844303,
2.99632115699014032,
5.18750002435611477,
10.1870306098823701,
25.9948538065162700,
139.798487370306667,
0.00265638827985884,
0.02425009434267790,
0.06933568767249568,
0.14207481953281493,
0.24974878660205013,
0.40442628385592421,
0.62615572291363973,
0.94929992942214438,
1.43594787867543021,
2.20697174226710000,
3.52310832077201304,
6.03465054304835658,
11.7619357346468950,
29.8670334459449984,
160.202404622023600,
0.00233908913409399,
0.02131708094525320,
0.06073609594433991,
0.12376819871441240,
0.21586001541338807,
0.34579995866737608,
0.52767337072352206,
0.78452789304120705,
1.15559356754606689,
1.71152984668713470,
2.58970199118034718,
4.08625304208831011,
6.93961893285161705,
13.4438141722724307,
34.0018134148735740,
181.989653329916926,
0.00207544243412830,
0.01888759245981660,
0.05365801454821308,
0.10884885454501932,
0.18862266668962116,
0.29954903459405208,
0.45185308380311652,
0.66164964801649237,
0.95509492609113843,
1.37653737678676812,
2.00570942133046260,
2.99748634648857582,
4.68564342324177155,
7.90233997515582592,
15.2326325584007700,
38.3991805980226502,
205.160231037391577,
0.00185399634140437,
0.01685227694737889,
0.04775964111887165,
0.09651766287745709,
0.16636649640437164,
0.26232651719296074,
0.39202397022416273,
0.56711232331318464,
0.80578967544389658,
1.13745755013995372,
1.61185267810200554,
2.31829577442596160,
3.43019800066852473,
5.32119907232479614,
8.92276643934207724,
17.1283665833224015,
43.0591253990511252,
229.714135942759465,
0.00166619989363752,
0.01513001468643313,
0.04279069596099729,
0.08620073088953205,
0.14792271329238423,
0.23186595750538546,
0.34384897279841593,
0.49253668994919912,
0.69103506867637833,
0.95970145594169632,
1.33133483223894759,
1.86134080625452944,
2.64915130552243632,
3.88774461606522921,
5.99286096755062982,
10.0008634188521752,
19.1309981891349364,
47.9816406644461125,
255.651366700340943,
0.00150556367367504,
0.01365958130906878,
0.03856434256729382,
0.07747659492872706,
0.13245147741657513,
0.20658296700885233,
0.30439699080823514,
0.43248851020324227,
0.60056920785975062,
0.82323977038557735,
1.12310548759579202,
1.53652396047001289,
2.12485675695580264,
2.99817461264803354,
4.37005758291887887,
6.70058494970383102,
11.1366046506980951,
21.2405137312359731,
53.1667209729696379,
282.971922288642945,
// nroots = 21
0.00136709078673688,
0.01239405404707358,
0.03493871773870477,
0.07002966572314153,
0.11933546517548119,
0.18533975034810136,
0.27162214849373176,
0.38330281537433028,
0.52775249147995862,
0.71575249251405546,
0.96345103210237266,
1.29579764817254834,
1.75287525624785395,
2.40229251391121406,
3.36528954189828976,
4.87708501247866496,
7.44433742491554934,
12.3299700602726365,
23.4569027421418205,
58.6143621552275024,
311.675801920950231,
0.00124688302665660,
0.01129697407726093,
0.03180447295147243,
0.06361957443688833,
0.10811189954427899,
0.16730017611467516,
0.24405695487560790,
0.34242592106441611,
0.46811614228539369,
0.62928567081422644,
0.83781715700385526,
1.11146557613833762,
1.47762575313696917,
1.98027611998840014,
2.69356616940901053,
3.75043794230933692,
5.40878704411054963,
8.22409245628665792,
13.5809440852342069,
25.7801570818660513,
64.3245609619059461,
341.763004983419801,
0.00114186318288679,
0.01033966091165380,
0.02907618179809798,
0.05806046666674924,
0.09842783531629418,
0.15183741234468401,
0.22062391084280355,
0.30802869139363406,
0.41855186217289764,
0.55849619707813161,
0.73682598952358320,
0.96656238513293488,
1.26713041676110630,
1.66847427806544253,
2.21864041305843299,
2.99861463221418360,
4.15357475132079933,
5.96513262837141260,
9.03982975219044508,
14.8895145075069853,
28.2102703424311360,
70.2973148302989147,
373.233530991416790,
0.00104957592619883,
0.00949929923543853,
0.02668629558658319,
0.05320669795533743,
0.09000997038838153,
0.13847326383472790,
0.20051570393946336,
0.27876963531845218,
0.37683660713108600,
0.49967393580009959,
0.65418912561449615,
0.85017628790014737,
1.10183571758815312,
1.43032844490104510,
1.86825412687067283,
2.46790125519403442,
3.31738862344814170,
4.57466458707221787,
6.54609727598963397,
9.89153324757326290,
16.2556716242639336,
30.7472374230897965,
76.5326217171815745,
406.087379558197121,
0.00096804284738431,
0.00875755393432549,
0.02458081554776140,
0.04894275245515047,
0.08264379373760023,
0.12683727043286127,
0.18311667069998602,
0.25364456253704884,
0.34134207545566180,
0.45016937343104197,
0.58554703532077252,
0.75500228999917480,
0.96918565647872618,
1.24351953460867463,
1.60096866013230147,
2.07689561357071379,
2.72800602860234117,
3.64984917026813323,
5.01367933893000072,
7.15166145352438127,
10.7791900859152688,
17.6794076496927620,
33.3910542224617041,
83.0304799773143226,
440.324550372101900,
0.00089565544579415,
0.00809955275425705,
0.02271614434738525,
0.04517600999821385,
0.07615888796107663,
0.11663848431984211,
0.16794992820605648,
0.23188820866452552,
0.31085069091583326,
0.40804436959930529,
0.52779092420711327,
0.67598365319794951,
0.86078710994700593,
1.09373681861456311,
1.39152179518748314,
1.77897940038687981,
2.29434354548434167,
2.99891284341138560,
3.99596510298124776,
5.47059643379416439,
7.78180942089030947,
11.7027898771576255,
19.1607162767816972,
36.1417174121595819,
89.7908882738678230,
475.945043179718538,
0.00083109512231001,
0.00751312899996396,
0.02105676222865796,
0.04183147280023096,
0.07041838084706412,
0.10764559262935149,
0.15464094439970513,
0.21290812273042229,
0.28443540318795412,
0.37185131035702608,
0.47864959901382474,
0.60951929142249152,
0.77083812244638825,
0.97142732494617946,
1.22373739624445730,
1.54576955516031082,
1.96430355433472874,
2.52055371318386642,
3.28058799237833822,
4.35571123841469463,
5.94539756886436108,
8.43652837638792094,
12.6623241490425755,
20.6995923519147301,
38.9992242681262559,
96.8138455115274017,
512.948857773288788,
0.00077327265934614,
0.00698825089467907,
0.01957348910108766,
0.03884786463796536,
0.06531125072015883,
0.09967265909133871,
0.14289191032726364,
0.19623917849107639,
0.26137903585278396,
0.34048907901994532,
0.43642861876513318,
0.55298158998816316,
0.69521214980263677,
0.86999572387224727,
1.08683078904460427,
1.35911373975000174,
1.70620434300699198,
2.15689511458497217,
2.75549034207772140,
3.57300408858532466,
4.72906704140683248,
6.43806777206929753,
9.11580781931480134,
13.6577859361646594,
22.2960316302049643,
41.9635725434427217,
104.099350785941111,
551.335993981182169,
0.00072128194564740,
0.00651658674903341,
0.01824216910818774,
0.03617470694407861,
0.06074663048551807,
0.09256872669629406,
0.13246337474487627,
0.18151161540602556,
0.24111887374480269,
0.31310655640913303,
0.39984041967064187,
0.50441237267625859,
0.63090166347065471,
0.78475672612933997,
0.97336500077332952,
1.20692362348545126,
1.49980648941909015,
1.87277880410838788,
2.35671665589883470,
2.99912421380963605,
3.87613868310780071,
5.11601562503908097,
6.94859469634611254,
9.81963906887027303,
14.6891694684952489,
23.9500305894168525,
45.0347603713383755,
111.647403345100417,
591.106451660610614,
0.00067436423858690,
0.00609117017527231,
0.01704266391472668,
0.03377010057973431,
0.05664953460995263,
0.08621012238293974,
0.12316086250453277,
0.16842816229032322,
0.22320778254362913,
0.28903640974860370,
0.36789065056317101,
0.46232515675023896,
0.57566774544675866,
0.71229929883268555,
0.87806261702092841,
1.08087223642108826,
1.33164597705686012,
1.64576733008456162,
2.04545422772977680,
2.56373746311251997,
3.25143126219864472,
4.18997322544660839,
5.51654299454181833,
7.47696808324745068,
10.5480148968875366,
15.7564699327142631,
25.6615862869478178,
48.2127861904691118,
119.458002559538456,
632.260230692001196,
// nroots = 31
0.00063188030795309,
0.00570613985091565,
0.01595807437771901,
0.03159902426299814,
0.05295761433571713,
0.08049468423212932,
0.11482497679044872,
0.15674738549368366,
0.20728641098615123,
0.26774869366161208,
0.33980028211802605,
0.42557300057117895,
0.52781244442212103,
0.65008669605940471,
0.79708543296513053,
0.97505658701547648,
1.19245741981514763,
1.46094890390658727,
1.79695658298597641,
2.22419869893463003,
2.77793212288121914,
3.51239151059291050,
4.51449227234244334,
5.93063746893961551,
8.02317935078966760,
11.3009292445204717,
16.8596832874818088,
27.4306962488283015,
51.4976486868003431,
127.531147899114781,
674.797330974597368,
};

static double WEIGHTS_FOR_X0[] = {
1.0,
0.65214515486254614,
0.34785484513745385,
0.46791393457269104,
0.36076157304813860,
0.17132449237917034,
0.36268378337836198,
0.31370664587788728,
0.22238103445337447,
0.10122853629037625,
0.29552422471475287,
0.26926671930999635,
0.21908636251598204,
0.14945134915058059,
0.06667134430868813,
0.24914704581340278,
0.23349253653835480,
0.20316742672306592,
0.16007832854334622,
0.10693932599531843,
0.04717533638651182,
0.21526385346315779,
0.20519846372129560,
0.18553839747793781,
0.15720316715819353,
0.12151857068790318,
0.08015808715976020,
0.03511946033175186,
0.18945061045506849,
0.18260341504492358,
0.16915651939500253,
0.14959598881657673,
0.12462897125553387,
0.09515851168249278,
0.06225352393864789,
0.02715245941175409,
0.16914238296314359,
0.16427648374583272,
0.15468467512626524,
0.14064291467065065,
0.12255520671147846,
0.10094204410628716,
0.07642573025488905,
0.04971454889496979,
0.02161601352648331,
0.15275338713072585,
0.14917298647260374,
0.14209610931838205,
0.13168863844917662,
0.11819453196151841,
0.10193011981724043,
0.08327674157670474,
0.06267204833410906,
0.04060142980038694,
0.01761400713915211,
// nroots = 11
0.13925187285563199,
0.13654149834601517,
0.13117350478706237,
0.12325237681051242,
0.11293229608053921,
0.10041414444288096,
0.08594160621706772,
0.06979646842452048,
0.05229333515268328,
0.03377490158481415,
0.01462799529827220,
0.12793819534675215,
0.12583745634682829,
0.12167047292780339,
0.11550566805372560,
0.10744427011596563,
0.09761865210411388,
0.08619016153195327,
0.07334648141108030,
0.05929858491543678,
0.04427743881741980,
0.02853138862893366,
0.01234122979998719,
0.11832141527926227,
0.11666044348529658,
0.11336181654631966,
0.10847184052857659,
0.10205916109442542,
0.09421380035591414,
0.08504589431348523,
0.07468414976565974,
0.06327404632957483,
0.05097582529714781,
0.03796238329436276,
0.02441785109263190,
0.01055137261734300,
0.11004701301647519,
0.10871119225829413,
0.10605576592284641,
0.10211296757806076,
0.09693065799792991,
0.09057174439303284,
0.08311341722890121,
0.07464621423456877,
0.06527292396699959,
0.05510734567571674,
0.04427293475900422,
0.03290142778230437,
0.02113211259277125,
0.00912428259309451,
0.10285265289355884,
0.10176238974840550,
0.09959342058679526,
0.09636873717464425,
0.09212252223778612,
0.08689978720108297,
0.08075589522942021,
0.07375597473770520,
0.06597422988218049,
0.05749315621761906,
0.04840267283059405,
0.03879919256962704,
0.02878470788332336,
0.01846646831109095,
0.00796819249616660,
0.09654008851472780,
0.09563872007927485,
0.09384439908080456,
0.09117387869576388,
0.08765209300440381,
0.08331192422694675,
0.07819389578707030,
0.07234579410884850,
0.06582222277636184,
0.05868409347853554,
0.05099805926237617,
0.04283589802222668,
0.03427386291302143,
0.02539206530926205,
0.01627439473090567,
0.00701861000947009,
0.09095674033025987,
0.09020304437064072,
0.08870189783569386,
0.08646573974703574,
0.08351309969984565,
0.07986844433977184,
0.07556197466003193,
0.07062937581425572,
0.06511152155407641,
0.05905413582752449,
0.05250741457267810,
0.04552561152335327,
0.03816659379638751,
0.03049138063844613,
0.02256372198549497,
0.01445016274859503,
0.00622914055590868,
0.08598327567039474,
0.08534668573933862,
0.08407821897966193,
0.08218726670433970,
0.07968782891207160,
0.07659841064587067,
0.07294188500565306,
0.06874532383573644,
0.06403979735501548,
0.05886014424532481,
0.05324471397775991,
0.04723508349026597,
0.04087575092364489,
0.03421381077030722,
0.02729862149856877,
0.02018151529773547,
0.01291594728406557,
0.00556571966424504,
0.08152502928038578,
0.08098249377059710,
0.07990103324352782,
0.07828784465821094,
0.07615366354844639,
0.07351269258474345,
0.07038250706689895,
0.06678393797914041,
0.06274093339213305,
0.05828039914699720,
0.05343201991033231,
0.04822806186075868,
0.04270315850467443,
0.03689408159402473,
0.03083950054517505,
0.02457973973823237,
0.01815657770961323,
0.01161344471646867,
0.00500288074963934,
0.07750594797842481,
0.07703981816424796,
0.07611036190062624,
0.07472316905796826,
0.07288658239580405,
0.07061164739128677,
0.06791204581523390,
0.06480401345660103,
0.06130624249292893,
0.05743976909939155,
0.05322784698393682,
0.04869580763507223,
0.04387090818567327,
0.03878216797447201,
0.03346019528254784,
0.02793700698002340,
0.02224584919416695,
0.01642105838190788,
0.01049828453115281,
0.00452127709853319,
// nroots = 21
0.07386423423217287,
0.07346081345346752,
0.07265617524380410,
0.07145471426517098,
0.06986299249259415,
0.06788970337652194,
0.06554562436490897,
0.06284355804500257,
0.05979826222758665,
0.05642636935801838,
0.05274629569917407,
0.04877814079280324,
0.04454357777196587,
0.04006573518069226,
0.03536907109759211,
0.03047924069960346,
0.02542295952611304,
0.02022786956905264,
0.01492244369735749,
0.00953622030174850,
0.00410599860464908,
0.07054915778935406,
0.07019768547355821,
0.06949649186157257,
0.06844907026936666,
0.06706063890629365,
0.06533811487918143,
0.06329007973320385,
0.06092673670156196,
0.05825985987759549,
0.05530273556372805,
0.05207009609170446,
0.04857804644835203,
0.04484398408197003,
0.04088651231034621,
0.03672534781380887,
0.03238122281206982,
0.02787578282128101,
0.02323148190201921,
0.01847148173681474,
0.01361958675557998,
0.00870048136752484,
0.00374540480311277,
0.06751868584903645,
0.06721061360067817,
0.06659587476845488,
0.06567727426778120,
0.06445900346713906,
0.06294662106439450,
0.06114702772465048,
0.05906843459554631,
0.05672032584399123,
0.05411341538585675,
0.05125959800714302,
0.04817189510171220,
0.04486439527731812,
0.04135219010967872,
0.03765130535738607,
0.03377862799910689,
0.02975182955220275,
0.02558928639713001,
0.02130999875413650,
0.01693351400783623,
0.01247988377098868,
0.00796989822972462,
0.00343030086810704,
0.06473769681268392,
0.06446616443595008,
0.06392423858464818,
0.06311419228625402,
0.06203942315989266,
0.06070443916589388,
0.05911483969839563,
0.05727729210040321,
0.05519950369998416,
0.05289018948519366,
0.05035903555385447,
0.04761665849249047,
0.04467456085669428,
0.04154508294346474,
0.03824135106583070,
0.03477722256477043,
0.03116722783279808,
0.02742650970835694,
0.02357076083932437,
0.01961616045735552,
0.01557931572294384,
0.01147723457923453,
0.00732755390127626,
0.00315334605230583,
0.06217661665534726,
0.06193606742068324,
0.06145589959031666,
0.06073797084177021,
0.05978505870426545,
0.05860084981322244,
0.05718992564772838,
0.05555774480621251,
0.05371062188899624,
0.05165570306958113,
0.04940093844946631,
0.04695505130394843,
0.04432750433880327,
0.04152846309014769,
0.03856875661258767,
0.03545983561514615,
0.03221372822357801,
0.02884299358053519,
0.02536067357001239,
0.02178024317012479,
0.01811556071348939,
0.01438082276148557,
0.01059054838365096,
0.00675979919574540,
0.00290862255315514,
0.05981036574529186,
0.05959626017124815,
0.05916881546604297,
0.05852956177181386,
0.05768078745252682,
0.05662553090236859,
0.05536756966930265,
0.05391140693275726,
0.05226225538390699,
0.05042601856634237,
0.04840926974407489,
0.04621922837278479,
0.04386373425900040,
0.04135121950056027,
0.03869067831042397,
0.03589163483509723,
0.03296410908971879,
0.02991858114714394,
0.02676595374650401,
0.02351751355398446,
0.02018489150798079,
0.01678002339630073,
0.01331511498234096,
0.00980263457946275,
0.00625552396297327,
0.00269131695004711,
0.05761753670714702,
0.05742613705411211,
0.05704397355879459,
0.05647231573062596,
0.05571306256058998,
0.05476873621305798,
0.05364247364755361,
0.05233801619829874,
0.05085969714618814,
0.04921242732452888,
0.04740167880644499,
0.04543346672827671,
0.04331432930959701,
0.04105130613664497,
0.03865191478210251,
0.03612412584038355,
0.03347633646437264,
0.03071734249787067,
0.02785630931059587,
0.02490274146720877,
0.02186645142285308,
0.01875752762146937,
0.01558630303592413,
0.01236332812884764,
0.00909936945550939,
0.00580561101523998,
0.00249748183576158,
0.05557974630651439,
0.05540795250324512,
0.05506489590176242,
0.05455163687088942,
0.05386976186571448,
0.05302137852401076,
0.05200910915174139,
0.05083608261779848,
0.04950592468304757,
0.04802274679360025,
0.04639113337300189,
0.04461612765269228,
0.04270321608466708,
0.04065831138474451,
0.03848773425924766,
0.03619819387231518,
0.03379676711561176,
0.03129087674731044,
0.02868826847382274,
0.02599698705839195,
0.02322535156256531,
0.02038192988240257,
0.01747551291140094,
0.01451508927802147,
0.01150982434038338,
0.00846906316330788,
0.00540252224601533,
0.00232385537577321,
0.05368111986333484,
0.05352634330405825,
0.05321723644657901,
0.05275469052637083,
0.05214003918366981,
0.05137505461828572,
0.05046194247995312,
0.04940333550896239,
0.04820228594541774,
0.04686225672902634,
0.04538711151481980,
0.04378110353364025,
0.04204886332958212,
0.04019538540986779,
0.03822601384585843,
0.03614642686708727,
0.03396262049341601,
0.03168089125380932,
0.02930781804416049,
0.02685024318198186,
0.02431525272496395,
0.02171015614014623,
0.01904246546189340,
0.01631987423497096,
0.01355023711298881,
0.01074155353287877,
0.00790197384999867,
0.00503998161265024,
0.00216772324962744,
0.05190787763122063,
0.05176794317491017,
0.05148845150098092,
0.05107015606985562,
0.05051418453250936,
0.04982203569055017,
0.04899557545575683,
0.04803703181997117,
0.04694898884891220,
0.04573437971611448,
0.04439647879578711,
0.04293889283593564,
0.04136555123558475,
0.03968069545238080,
0.03788886756924344,
0.03599489805108450,
0.03400389272494642,
0.03192121901929633,
0.02975249150078894,
0.02750355674992479,
0.02518047762152125,
0.02278951694399782,
0.02033712072945729,
0.01782990101420772,
0.01527461859678480,
0.01267816647681596,
0.01004755718228798,
0.00738993116334545,
0.00471272992695356,
0.00202681196887375,
// nroots = 31
0.05024800037525557,
0.05012106956904260,
0.04986752859495174,
0.04948801791969869,
0.04898349622051730,
0.04835523796347721,
0.04760483018410085,
0.04673416847841523,
0.04574545221456998,
0.04464117897712430,
0.04342413825804739,
0.04209740441038514,
0.04066432888241756,
0.03912853175196327,
0.03749389258228027,
0.03576454062276843,
0.03394484437941086,
0.03203940058162502,
0.03005302257399023,
0.02799072816331500,
0.02585772695402506,
0.02365940720868315,
0.02140132227767030,
0.01908917665857351,
0.01672881179017760,
0.01432619182380677,
0.01188739011701071,
0.00941857942842056,
0.00692604190183109,
0.00441633345693098,
0.00189920567951372,
};
